1 27540U 02048A   18003.33541795  .00000856  00000-0  00000+0 0  9999
2 27540  49.1267 178.1151 8400170 264.9979   0.3003  0.37598640 15058
1 27540U 02048A   18003.33638159  .00000856  00000-0  00000+0 0  9990
2 27540  49.1259 178.1172 8400426 264.9993   0.3006  0.37585098 15058
1 27540U 02048A   18003.33805222  .00000856  00000-0  00000+0 0  9997
2 27540  49.1256 178.1143 8400419 265.0015   0.5197  0.37585129 15050
1 27540U 02048A   18005.99719118  .00000733  00000-0  00000+0 0  9993
2 27540  49.1162 177.9101 8398926 265.0800   0.4297  0.37586709 15064
1 27540U 02048A   18008.65867238  .00000690  00000-0  00000+0 0  9998
2 27540  49.1063 177.7648 8398104 265.1084   0.7431  0.37586927 15077
1 27540U 02048A   18011.31520310 +.00000759 +00000-0 +00000-0 0  9999
2 27540 049.0963 177.6461 8398993 265.1195 000.4033 00.37588129004402
1 27540U 02048A   18011.31658224  .00000760  00000-0  00000+0 0  9996
2 27540  49.0960 177.6460 8398992 265.1197   0.5900  0.37588203 15082
1 27540U 02048A   18016.63242202 +.00000956 +00000-0 +00000-0 0  9999
2 27540 049.0948 177.4407 8402693 265.1306 000.3192 00.37587180004423
1 27540U 02048A   18016.63337041  .00000956  00000-0  00000+0 0  9994
2 27540  49.0948 177.4406 8402693 265.1307   0.4476  0.37587188 15104
1 27540U 02048A   18019.29183765 +.00001015 +00000-0 +00000-0 0  9999
2 27540 049.0930 177.3472 8406424 265.1329 000.3784 00.37583060004437
1 27540U 02048A   18019.29257020 +.00001015 +00000-0 +00000-0 0  9995
2 27540 049.0937 177.3475 8406425 265.1328 000.4776 00.37583118015110
1 27540U 02048A   18021.94996944 +.00001031 +00000-0 +00000-0 0  9993
2 27540 049.0856 177.2231 8411139 265.1668 000.2225 00.37581746004440
1 27540U 02048A   18021.95176032  .00001031  00000-0  00000+0 0  9991
2 27540  49.0858 177.2232 8411146 265.1664   0.4650  0.37581520 15128
1 27540U 02048A   18024.60884529 +.00001033 +00000-0 +00000-0 0  9996
2 27540 049.0791 177.0693 8415215 265.2306 000.1207 00.37581715004453
1 27540U 02048A   18024.61054709 +.00001033 +00000-0 +00000-0 0  9996
2 27540 049.0789 177.0691 8415218 265.2307 000.3511 00.37581637004455
1 27540U 02048A   18024.61141578  .00001033  00000-0  00000+0 0  9996
2 27540  49.0789 177.0694 8415227 265.2306   0.4686  0.37581550 15132
1 27540U 02048A   18027.26997182 +.00001039 +00000-0 +00000-0 0  9997
2 27540 049.0725 176.9008 8418720 265.3113 000.2737 00.37582689004460
1 27540U 02048A   18027.26997182  .00001039  00000-0  00000+0 0  9996
2 27540  49.0725 176.9008 8418720 265.3113   0.2737  0.37582689 15147
1 27540U 02048A   18027.27072056  .00001039  00000-0  00000+0 0  9991
2 27540  49.0726 176.9012 8418736 265.3107   0.3810  0.37582325 15143
1 27540U 02048A   18027.27072056 +.00001039 +00000-0 +00000-0 0  9992
2 27540 049.0726 176.9012 8418736 265.3107 000.3810 00.37582325004466
1 27540U 02048A   18029.93036090  .00000985  00000-0  00000+0 0  9993
2 27540  49.0640 176.6872 8420832 265.4209   0.2932  0.37589926 15152
1 27540U 02048A   18032.58864338 +.00000856 +00000-0 +00000-0 0  9990
2 27540 049.0561 176.4601 8419707 265.5220 000.0948 00.37594042004489
1 27540U 02048A   18032.58864338  .00000856  00000-0  00000+0 0  9999
2 27540  49.0561 176.4601 8419707 265.5220   0.0948  0.37594042 15166
1 27540U 02048A   18035.25017380  .00000772  00000-0  00000+0 0  9990
2 27540  49.0462 176.2969 8418318 265.5614   0.4382  0.37591216 15172
1 27540U 02048A   18037.90681601  .00000809  00000-0  00000+0 0  9998
2 27540  49.0351 176.1731 8419229 265.5734   0.1527  0.37591657 15188
1 27540U 02048A   18037.90725452  .00000809  00000-0  00000+0 0  9991
2 27540  49.0353 176.1737 8419238 265.5727   0.2059  0.37591346 15184
1 27540U 02048A   18037.90725452 +.00000809 +00000-0 +00000-0 0  9992
2 27540 049.0353 176.1737 8419238 265.5727 000.2059 00.37591346004496
1 27540U 02048A   18037.90872289 +.00000809 +00000-0 +00000-0 0  9993
2 27540 049.0356 176.1733 8419191 265.5736 000.4100 00.37591632004502
1 27540U 02048A   18040.56643772 +.00000904 +00000-0 +00000-0 0  9998
2 27540 049.0289 176.0558 8420939 265.5877 000.2674 00.37592712004514
1 27540U 02048A   18043.22432214 +.00000989 +00000-0 +00000-0 0  9994
2 27540 049.0293 175.9560 8423131 265.5925 000.1432 00.37589716004523
1 27540U 02048A   18043.22634497  .00000989  00000-0  00000+0 0  9990
2 27540  49.0296 175.9563 8423133 265.5921   0.4171  0.37589649 15202
1 27540U 02048A   18043.22726665 +.00000989 +00000-0 +00000-0 0  9990
2 27540 049.0293 175.9560 8423139 265.5925 000.5420 00.37589723004519
1 27540U 02048A   18045.88281965  .00001047  00000-0  00000+0 0  9998
2 27540  49.0280 175.8624 8426593 265.5944   0.0777  0.37584387 15213
1 27540U 02048A   18045.88281965 +.00001047 +00000-0 +00000-0 0  9999
2 27540 049.0280 175.8624 8426593 265.5944 000.0777 00.37584387004536
1 27540U 02048A   18045.88477728 +.00001048 +00000-0 +00000-0 0  9994
2 27540 049.0288 175.8634 8426656 265.5936 000.3418 00.37584305004531
1 27540U 02048A   18045.88614680  .00001048  00000-0  00000+0 0  9993
2 27540  49.0289 175.8644 8426687 265.5929   0.5364  0.37584814 15213
1 27540U 02048A   18048.54178930 +.00001067 +00000-0 +00000-0 0  9994
2 27540 049.0215 175.7448 8431486 265.6210 000.0456 00.37581854004542
1 27540U 02048A   18048.54331475 +.00001067 +00000-0 +00000-0 0  9999
2 27540 049.0216 175.7447 8431482 265.6212 000.2522 00.37581734004543
1 27540U 02048A   18048.54515314  .00001067  00000-0  00000+0 0  9994
2 27540  49.0217 175.7449 8431494 265.6207   0.5010  0.37581649 15220
1 27540U 02048A   18051.20199788 +.00001065 +00000-0 +00000-0 0  9993
2 27540 049.0142 175.5897 8436087 265.6850 000.1361 00.37580972004556
1 27540U 02048A   18051.20401696  .00001065  00000-0  00000+0 0  9996
2 27540  49.0140 175.5892 8436051 265.6852   0.4111  0.37581050 15233
1 27540U 02048A   18051.20401696 +.00001065 +00000-0 +00000-0 0  9997
2 27540 049.0140 175.5892 8436051 265.6852 000.4111 00.37581050004545
1 27540U 02048A   18053.86086997 +.00001069 +00000-0 +00000-0 0  9998
2 27540 049.0084 175.4242 8439645 265.7627 359.9996 00.37581700004559
1 27540U 02048A   18053.86086997 +.00001069 +00000-0 +00000-0 0  9998
2 27540 049.0084 175.4242 8439645 265.7627 359.9996 00.37581700015247
1 27540U 02048A   18053.86117634 +.00001069 +00000-0 +00000-0 0  9991
2 27540 049.0083 175.4222 8439501 265.7640 000.0409 00.37581736004565
1 27540U 02048A   18053.86241226 +.00001069 +00000-0 +00000-0 0  9996
2 27540 049.0082 175.4225 8439518 265.7637 000.2081 00.37581733004566
1 27540U 02048A   18059.18358114  .00000900  00000-0  00000+0 0  9994
2 27540  48.9906 174.9912 8442178 265.9814   0.3705  0.37593746 15261
1 27540U 02048A   18061.84318240  .00000775  00000-0  00000+0 0  9996
2 27540  48.9838 174.8152 8440363 266.0327   0.4295  0.37592624 15275
1 27540U 02048A   18064.49796116  .00000769  00000-0  00000+0 0  9995
2 27540  48.9711 174.6682 8440797 266.0580 359.8967  0.37591291 15280
1 27540U 02048A   18067.15837905 +.00000845 +00000-0 +00000-0 0  9999
2 27540 048.9631 174.5456 8442731 266.0749 000.1360 00.37592719004610
1 27540U 02048A   18067.15928500  .00000845  00000-0  00000+0 0  9990
2 27540  48.9627 174.5453 8442697 266.0748   0.2586  0.37592738 15290
1 27540U 02048A   18069.81629296 +.00000921 +00000-0 +00000-0 0  9991
2 27540 048.9626 174.4364 8444874 266.0867 000.0398 00.37591476004622
1 27540U 02048A   18069.81769022  .00000921  00000-0  00000+0 0  9992
2 27540  48.9625 174.4362 8444863 266.0870   0.2290  0.37591466 15300
1 27540U 02048A   18069.81769022 +.00000921 +00000-0 +00000-0 0  9993
2 27540 048.9625 174.4362 8444863 266.0870 000.2290 00.37591466004623
1 27540U 02048A   18072.47649269  .00000974  00000-0  00000+0 0  9996
2 27540  48.9630 174.3393 8448114 266.0923   0.2337  0.37586988 15317
1 27540U 02048A   18072.47648943 +.00000974 +00000-0 +00000-0 0  9995
2 27540 048.9630 174.3393 8448091 266.0924 000.2336 00.37587007004637
1 27540U 02048A   18072.47665345 +.00000974 +00000-0 +00000-0 0  9990
2 27540 048.9630 174.3396 8448169 266.0921 000.2538 00.37586912004631
1 27540U 02048A   18075.13455054  .00000995  00000-0  00000+0 0  9992
2 27540  48.9577 174.2221 8452736 266.1170   0.1153  0.37583140 15329
1 27540U 02048A   18075.13513353 +.00000995 +00000-0 +00000-0 0  9990
2 27540 048.9577 174.2221 8452733 266.1169 000.1942 00.37583099004646
1 27540U 02048A   18075.13638190  .00000995  00000-0  00000+0 0  9996
2 27540  48.9581 174.2243 8452822 266.1141   0.3620  0.37583421 15325
1 27540U 02048A   18077.79247235 +.00000990 +00000-0 +00000-0 0  9992
2 27540 048.9501 174.0664 8457622 266.1802 359.9306 00.37582138004651
1 27540U 02048A   18077.79408961 +.00000990 +00000-0 +00000-0 0  9997
2 27540 048.9500 174.0662 8457640 266.1802 000.1503 00.37582222004656
1 27540U 02048A   18077.79427308  .00000990  00000-0  00000+0 0  9992
2 27540  48.9500 174.0662 8457640 266.1801   0.1752  0.37582308 15333
1 27540U 02048A   18080.45211717 +.00000990 +00000-0 +00000-0 0  9995
2 27540 048.9445 173.8893 8461365 266.2667 359.9346 00.37583434004663
1 27540U 02048A   18080.45347217  .00000990  00000-0  00000+0 0  9999
2 27540  48.9446 173.8893 8461363 266.2667   0.1180  0.37583514 15349
1 27540U 02048A   18080.45476744 +.00000990 +00000-0 +00000-0 0  9998
2 27540 048.9454 173.8931 8461482 266.2623 000.2945 00.37583912004659
1 27540U 02048A   18083.11217336  .00000968  00000-0  00000+0 0  9998
2 27540  48.9375 173.6998 8464070 266.3646 359.9453  0.37585392 15355
1 27540U 02048A   18083.11412539  .00000968  00000-0  00000+0 0  9990
2 27540  48.9390 173.7061 8464191 266.3578   0.2233  0.37587344 15353
1 27540U 02048A   18085.77124508 +.00000851 +00000-0 +00000-0 0  9992
2 27540 048.9293 173.4706 8464962 266.4845 359.8327 00.37591975015365
1 27540U 02048A   18085.77137357  .00000851  00000-0  00000+0 0  9997
2 27540  48.9303 173.4758 8464994 266.4792 359.8523  0.37592712 15368
1 27540U 02048A   18085.77304568  .00000851  00000-0  00000+0 0  9997
2 27540  48.9313 173.4805 8465130 266.4739   0.0800  0.37593399 15361
1 27540U 02048A   18088.43420644 +.00000697 +00000-0 +00000-0 0  9996
2 27540 048.9258 173.2631 8463713 266.5645 000.3227 00.37594971015370
1 27540U 02048A   18091.08975433 +.00000648 +00000-0 +00000-0 0  9998
2 27540 048.9164 173.1213 8462657 266.5881 359.8913 00.37591840004700
1 27540U 02048A   18091.09226822  .00000648  00000-0  00000+0 0  9999
2 27540  48.9164 173.1210 8462706 266.5884   0.2302  0.37591759 15389
1 27540U 02048A   18093.74815420 +.00000705 +00000-0 +00000-0 0  9996
2 27540 048.9061 172.9950 8464468 266.6057 359.8602 00.37593010004716
1 27540U 02048A   18093.74815420  .00000705  00000-0  00000+0 0  9995
2 27540  48.9061 172.9950 8464468 266.6057 359.8602  0.37593010 15392
1 27540U 02048A   18093.74885700  .00000705  00000-0  00000+0 0  9993
2 27540  48.9061 172.9953 8464410 266.6053 359.9579  0.37593106 15398
1 27540U 02048A   18093.74985398 +.00000705 +00000-0 +00000-0 0  9998
2 27540 048.9061 172.9950 8464462 266.6053 000.0915 00.37593037004706
1 27540U 02048A   18093.75051851 +.00000705 +00000-0 +00000-0 0  9997
2 27540 048.9061 172.9949 8464468 266.6056 000.1810 00.37593067004712
1 27540U 02048A   18096.40647699 +.00000777 +00000-0 +00000-0 0  9992
2 27540 048.9030 172.8727 8466539 266.6277 359.8161 00.37592474004722
1 27540U 02048A   18096.40659688 +.00000777 +00000-0 +00000-0 0  9993
2 27540 048.9029 172.8725 8466538 266.6279 359.8323 00.37592531004723
1 27540U 02048A   18096.40735441 +.00000777 +00000-0 +00000-0 0  9995
2 27540 048.9032 172.8728 8466541 266.6275 359.9348 00.37592482004723
1 27540U 02048A   18096.40831255  .00000777  00000-0  00000+0 0  9994
2 27540  48.9030 172.8726 8466521 266.6276   0.0636  0.37592483 15400
1 27540U 02048A   18096.40834562 +.00000777 +00000-0 +00000-0 0  9999
2 27540 048.9030 172.8724 8466538 266.6279 000.0690 00.37592539004724
1 27540U 02048A   18096.41036514 +.00000778 +00000-0 +00000-0 0  9992
2 27540 048.9030 172.8725 8466518 266.6276 000.3424 00.37592511004717
1 27540U 02048A   18099.06536279 +.00000829 +00000-0 +00000-0 0  9996
2 27540 048.9037 172.7686 8469393 266.6392 359.8381 00.37588292004739
1 27540U 02048A   18099.06617598 +.00000829 +00000-0 +00000-0 0  9990
2 27540 048.9038 172.7687 8469400 266.6390 359.9482 00.37588237004730
1 27540U 02048A   18099.06787030 +.00000829 +00000-0 +00000-0 0  9999
2 27540 048.9040 172.7693 8469368 266.6384 000.1772 00.37588113004736
1 27540U 02048A   18099.06977982  .00000829  00000-0  00000+0 0  9995
2 27540  48.9040 172.7692 8469364 266.6384   0.4356  0.37588147 15416
1 27540U 02048A   18101.72493690 +.00000857 +00000-0 +00000-0 0  9993
2 27540 048.9009 172.6562 8473647 266.6606 359.9228 00.37584112004744
1 27540U 02048A   18101.72493690  .00000857  00000-0  00000+0 0  9992
2 27540  48.9009 172.6562 8473647 266.6606 359.9228  0.37584112 15421
1 27540U 02048A   18101.72559474 +.00000857 +00000-0 +00000-0 0  9996
2 27540 048.9011 172.6563 8473648 266.6604 000.0123 00.37584172004741
1 27540U 02048A   18101.72704457  .00000857  00000-0  00000+0 0  9998
2 27540  48.9013 172.6566 8473634 266.6604   0.2125  0.37584424 15422
1 27540U 02048A   18101.72710265 +.00000857 +00000-0 +00000-0 0  9993
2 27540 048.9016 172.6563 8473670 266.6599 000.2186 00.37584146004735
1 27540U 02048A   18104.38367593 +.00000859 +00000-0 +00000-0 0  9992
2 27540 048.8951 172.5083 8478485 266.7160 359.8566 00.37582745004752
1 27540U 02048A   18104.38520995  .00000859  00000-0  00000+0 0  9998
2 27540  48.8952 172.5079 8478519 266.7164   0.0650  0.37582760 15433
1 27540U 02048A   18104.38522651 +.00000859 +00000-0 +00000-0 0  9990
2 27540 048.8951 172.5082 8478488 266.7161 000.0665 00.37582664004750
1 27540U 02048A   18104.38607001 +.00000859 +00000-0 +00000-0 0  9993
2 27540 048.8951 172.5079 8478506 266.7163 000.1806 00.37582346004754
1 27540U 02048A   18107.04317058 +.00000863 +00000-0 +00000-0 0  9994
2 27540 048.8899 172.3289 8482599 266.8037 359.8502 00.37583506004761
1 27540U 02048A   18107.04360453 +.00000863 +00000-0 +00000-0 0  9991
2 27540 048.8898 172.3288 8482600 266.8039 359.9089 00.37583214004761
1 27540U 02048A   18107.04363939  .00000863  00000-0  00000+0 0  9992
2 27540  48.8898 172.3288 8482581 266.8039 359.9125  0.37583037 15440
1 27540U 02048A   18107.04426930 +.00000863 +00000-0 +00000-0 0  9994
2 27540 048.8898 172.3286 8482606 266.8040 359.9989 00.37582758004768
1 27540U 02048A   18107.04508510 +.00000863 +00000-0 +00000-0 0  9999
2 27540 048.8898 172.3287 8482605 266.8038 000.1093 00.37582991004765
1 27540U 02048A   18107.04534335 +.00000863 +00000-0 +00000-0 0  9993
2 27540 048.8899 172.3287 8482602 266.8037 000.1442 00.37583514004762
1 27540U 02048A   18109.70341681 +.00000861 +00000-0 +00000-0 0  9996
2 27540 048.8857 172.1351 8485317 266.9044 359.9179 00.37587751004771
1 27540U 02048A   18109.70341681  .00000861  00000-0  00000+0 0  9995
2 27540  48.8857 172.1351 8485317 266.9044 359.9179  0.37587751 15458
1 27540U 02048A   18109.70394935 +.00000861 +00000-0 +00000-0 0  9996
2 27540 048.8856 172.1348 8485341 266.9044 359.9862 00.37587417004771
1 27540U 02048A   18109.70433186  .00000861  00000-0  00000+0 0  9997
2 27540  48.8856 172.1340 8485336 266.9052   0.0384  0.37587030 15457
1 27540U 02048A   18109.70434414  .00000861  00000-0  00000+0 0  9992
2 27540  48.8856 172.1341 8485340 266.9052   0.0251  0.37586652 15455
1 27540U 02048A   18109.70434414 +.00000861 +00000-0 +00000-0 0  9993
2 27540 048.8856 172.1341 8485340 266.9052 000.0251 00.37586652004767
1 27540U 02048A   18112.36276278 +.00000774 +00000-0 +00000-0 0  9994
2 27540 048.8800 171.9152 8486436 267.0190 359.8478 00.37593524004789
1 27540U 02048A   18112.36346584 +.00000774 +00000-0 +00000-0 0  9992
2 27540 048.8798 171.9152 8486441 267.0193 359.9439 00.37593113004786
1 27540U 02048A   18112.36588768  .00000774  00000-0  00000+0 0  9993
2 27540  48.8800 171.9147 8486477 267.0194   0.2718  0.37593608 15466
1 27540U 02048A   18115.02182029 +.00000616 +00000-0 +00000-0 0  9995
2 27540 048.8755 171.6902 8485310 267.1227 359.8003 00.37596497004797
1 27540U 02048A   18115.02349783  .00000616  00000-0  00000+0 0  9996
2 27540  48.8755 171.6902 8485292 267.1228   0.0271  0.37596246 15478
1 27540U 02048A   18117.68055684 +.00000532 +00000-0 +00000-0 0  9992
2 27540 048.8689 171.5287 8483898 267.1650 359.7993 00.37594446004808
1 27540U 02048A   18117.68284850 +.00000532 +00000-0 +00000-0 0  9991
2 27540 048.8690 171.5275 8483976 267.1658 000.1087 00.37594342004796
1 27540U 02048A   18117.68325543  .00000532  00000-0  00000+0 0  9995
2 27540  48.8690 171.5266 8484026 267.1663   0.1656  0.37594331 15487
1 27540U 02048A   18120.34129425 +.00000572 +00000-0 +00000-0 0  9998
2 27540 048.8592 171.4022 8485092 267.1829 000.1025 00.37595176004818
1 27540U 02048A   18120.34217506  .00000572  00000-0  00000+0 0  9995
2 27540  48.8592 171.4033 8485036 267.1820   0.2232  0.37595200 15494
1 27540U 02048A   18122.99831313 +.00000650 +00000-0 +00000-0 0  9994
2 27540 048.8548 171.2751 8487021 267.2087 359.9038 00.37595279004821
1 27540U 02048A   18122.99889873 +.00000650 +00000-0 +00000-0 0  9998
2 27540 048.8549 171.2754 8487011 267.2084 359.9836 00.37595268004825
1 27540U 02048A   18122.99953112 +.00000650 +00000-0 +00000-0 0  9996
2 27540 048.8549 171.2750 8487014 267.2085 000.0693 00.37595302004818
1 27540U 02048A   18122.99953112  .00000650  00000-0  00000+0 0  9995
2 27540  48.8549 171.2750 8487014 267.2085   0.0693  0.37595302 15506
1 27540U 02048A   18123.00000833 +.00000650 +00000-0 +00000-0 0  9992
2 27540 048.8549 171.2750 8487022 267.2086 000.1336 00.37595264004821
1 27540U 02048A   18125.65696968 +.00000709 +00000-0 +00000-0 0  9990
2 27540 048.8561 171.1655 8489444 267.2246 359.9170 00.37591766004831
1 27540U 02048A   18125.65731995 +.00000709 +00000-0 +00000-0 0  9990
2 27540 048.8563 171.1659 8489444 267.2242 359.9643 00.37591721004839
1 27540U 02048A   18125.65822267 +.00000709 +00000-0 +00000-0 0  9993
2 27540 048.8563 171.1663 8489425 267.2238 000.0876 00.37591731004831
1 27540U 02048A   18125.65921691  .00000709  00000-0  00000+0 0  9993
2 27540  48.8563 171.1656 8489442 267.2244   0.2214  0.37591691 15519
1 27540U 02048A   18128.31587755 +.00000750 +00000-0 +00000-0 0  9995
2 27540 048.8559 171.0569 8493239 267.2433 359.9405 00.37588029004846
1 27540U 02048A   18128.31651172 +.00000750 +00000-0 +00000-0 0  9990
2 27540 048.8559 171.0570 8493248 267.2432 000.0263 00.37587884004841
1 27540U 02048A   18128.31721258 +.00000750 +00000-0 +00000-0 0  9993
2 27540 048.8560 171.0568 8493252 267.2433 000.1212 00.37587861004846
1 27540U 02048A   18128.31812427  .00000750  00000-0  00000+0 0  9991
2 27540  48.8559 171.0570 8493225 267.2432   0.2440  0.37587984 15523
1 27540U 02048A   18128.31831795 +.00000750 +00000-0 +00000-0 0  9991
2 27540 048.8559 171.0567 8493243 267.2434 000.2708 00.37587993004841
1 27540U 02048A   18130.97580868 +.00000768 +00000-0 +00000-0 0  9997
2 27540 048.8518 170.9174 8497786 267.2916 000.0704 00.37585590004855
1 27540U 02048A   18130.97634191  .00000768  00000-0  00000+0 0  9995
2 27540  48.8518 170.9173 8497782 267.2918   0.1416  0.37585943 15532
1 27540U 02048A   18130.97666292 +.00000768 +00000-0 +00000-0 0  9993
2 27540 048.8518 170.9173 8497786 267.2916 000.1860 00.37585651004856
1 27540U 02048A   18130.97811924 +.00000768 +00000-0 +00000-0 0  9997
2 27540 048.8518 170.9167 8497804 267.2921 000.3832 00.37585491004859
1 27540U 02048A   18133.63428826  .00000783  00000-0  00000+0 0  9994
2 27540  48.8467 170.7434 8501945 267.3738 359.9538  0.37584709 15541
1 27540U 02048A   18133.63453639  .00000783  00000-0  00000+0 0  9994
2 27540  48.8477 170.7458 8501940 267.3717 359.9943  0.37585536 15549
1 27540U 02048A   18133.63477248 +.00000783 +00000-0 +00000-0 0  9997
2 27540 048.8468 170.7439 8501943 267.3733 000.0173 00.37584638004863
1 27540U 02048A   18133.63505323 +.00000783 +00000-0 +00000-0 0  9993
2 27540 048.8476 170.7451 8501950 267.3722 000.0642 00.37585697004858
1 27540U 02048A   18133.63594925 +.00000783 +00000-0 +00000-0 0  9999
2 27540 048.8468 170.7438 8501959 267.3732 000.1738 00.37584371004860
1 27540U 02048A   18133.63594925  .00000783  00000-0  00000+0 0  9998
2 27540  48.8468 170.7438 8501959 267.3732   0.1738  0.37584371 15547
1 27540U 02048A   18136.29418056 +.00000804 +00000-0 +00000-0 0  9998
2 27540 048.8439 170.5481 8505057 267.4759 359.9839 00.37587884004877
1 27540U 02048A   18136.29437205  .00000804  00000-0  00000+0 0  9994
2 27540  48.8442 170.5479 8505058 267.4759   0.0096  0.37588418 15559
1 27540U 02048A   18136.29487133 +.00000804 +00000-0 +00000-0 0  9990
2 27540 048.8441 170.5493 8505034 267.4748 000.0768 00.37588145004872
1 27540U 02048A   18138.95391788 +.00000758 +00000-0 +00000-0 0  9993
2 27540 048.8410 170.3243 8506429 267.5939 359.9876 00.37594330004881
1 27540U 02048A   18138.95416972 +.00000758 +00000-0 +00000-0 0  9996
2 27540 048.8410 170.3242 8506430 267.5940 000.0217 00.37594201004884
1 27540U 02048A   18138.95598366  .00000758  00000-0  00000+0 0  9993
2 27540  48.8408 170.3236 8506437 267.5947   0.2673  0.37593700 15566
1 27540U 02048A   18141.61288293 +.00000615 +00000-0 +00000-0 0  9998
2 27540 048.8380 170.0953 8505607 267.7037 359.9243 00.37597759004897
1 27540U 02048A   18141.61297299 +.00000615 +00000-0 +00000-0 0  9994
2 27540 048.8381 170.0957 8505603 267.7033 359.9363 00.37597721004896
1 27540U 02048A   18141.61434386  .00000615  00000-0  00000+0 0  9993
2 27540  48.8381 170.0955 8505610 267.7035   0.1218  0.37597510 15571
1 27540U 02048A   18144.27130555  .00000506  00000-0  00000+0 0  9998
2 27540  48.8333 169.9170 8504178 267.7617 359.8934  0.37597465 15587
1 27540U 02048A   18144.27176959 +.00000506 +00000-0 +00000-0 0  9997
2 27540 048.8332 169.9169 8504177 267.7618 359.9570 00.37597567004908
1 27540U 02048A   18144.27280399 +.00000506 +00000-0 +00000-0 0  9991
2 27540 048.8333 169.9169 8504155 267.7621 000.1034 00.37598277004908
1 27540U 02048A   18144.27438170  .00000506  00000-0  00000+0 0  9992
2 27540  48.8332 169.9169 8504167 267.7619   0.3155  0.37598038 15584
1 27540U 02048A   18146.92986230 +.00000528 +00000-0 +00000-0 0  9996
2 27540 048.8251 169.7857 8504699 267.7837 359.9154 00.37597195004918
1 27540U 02048A   18146.93018783 +.00000528 +00000-0 +00000-0 0  9996
2 27540 048.8251 169.7849 8504706 267.7845 359.9594 00.37597257004914
1 27540U 02048A   18146.93097283 +.00000528 +00000-0 +00000-0 0  9998
2 27540 048.8251 169.7867 8504686 267.7831 000.0651 00.37597182004911
1 27540U 02048A   18146.93302834 +.00000528 +00000-0 +00000-0 0  9999
2 27540 048.8252 169.7865 8504687 267.7833 000.3435 00.37597250015598
1 27540U 02048A   18149.58874624 +.00000613 +00000-0 +00000-0 0  9999
2 27540 048.8211 169.6566 8506501 267.8105 359.9846 00.37598086004922
1 27540U 02048A   18149.58940683 +.00000613 +00000-0 +00000-0 0  9998
2 27540 048.8212 169.6568 8506501 267.8103 000.0741 00.37598074004928
1 27540U 02048A   18149.59018061 +.00000613 +00000-0 +00000-0 0  9995
2 27540 048.8211 169.6568 8506502 267.8103 000.1789 00.37598078004925
1 27540U 02048A   18149.59092305 +.00000613 +00000-0 +00000-0 0  9998
2 27540 048.8211 169.6575 8506481 267.8096 000.2789 00.37598068015607
1 27540U 02048A   18149.59117644 +.00000613 +00000-0 +00000-0 0  9992
2 27540 048.8210 169.6558 8506504 267.8111 000.3135 00.37598142004923
1 27540U 02048A   18152.24754091 +.00000684 +00000-0 +00000-0 0  9999
2 27540 048.8235 169.5435 8508649 267.8286 000.0485 00.37595882004932
1 27540U 02048A   18152.24754090 +.00000684 +00000-0 +00000-0 0  9998
2 27540 048.8233 169.5431 8508640 267.8290 000.0485 00.37595974004934
1 27540U 02048A   18152.24840639 +.00000684 +00000-0 +00000-0 0  9993
2 27540 048.8236 169.5436 8508656 267.8285 000.1656 00.37595842004938
1 27540U 02048A   18152.24840639  .00000684  00000-0  00000+0 0  9992
2 27540  48.8236 169.5436 8508656 267.8285   0.1656  0.37595842 15615
1 27540U 02048A   18152.24915697  .00000684  00000-0  00000+0 0  9999
2 27540  48.8237 169.5422 8508677 267.8303   0.2574  0.37595462 15613
1 27540U 02048A   18152.24960424 +.00000684 +00000-0 +00000-0 0  9998
2 27540 048.8236 169.5431 8508641 267.8297 000.3219 00.37595698004925
1 27540U 02048A   18152.25027788 +.00000684 +00000-0 +00000-0 0  9996
2 27540 048.8235 169.5426 8508657 267.8294 000.4196 00.37595970004920
1 27540U 02048A   18154.90635521 +.00000737 +00000-0 +00000-0 0  9999
2 27540 048.8247 169.4388 8512096 267.8447 000.0908 00.37591639004948
1 27540U 02048A   18154.90685070 +.00000737 +00000-0 +00000-0 0  9993
2 27540 048.8248 169.4393 8512098 267.8441 000.1577 00.37591478004945
1 27540U 02048A   18154.90693418  .00000737  00000-0  00000+0 0  9997
2 27540  48.8248 169.4393 8512099 267.8442   0.1688  0.37591441 15627
1 27540U 02048A   18157.56509074  .00000774  00000-0  00000+0 0  9997
2 27540  48.8222 169.3107 8516458 267.8839   0.0946  0.37589475 15635
1 27540U 02048A   18157.56509074 +.00000774 +00000-0 +00000-0 0  9998
2 27540 048.8222 169.3107 8516458 267.8839 000.0946 00.37589475004958
1 27540U 02048A   18157.56569126 +.00000774 +00000-0 +00000-0 0  9992
2 27540 048.8222 169.3110 8516452 267.8837 000.1759 00.37589716004955
1 27540U 02048A   18157.56657825  .00000774  00000-0  00000+0 0  9995
2 27540  48.8223 169.3090 8516464 267.8854   0.2895  0.37589242 15638
1 27540U 02048A   18157.56657826 +.00000774 +00000-0 +00000-0 0  9997
2 27540 048.8223 169.3091 8516460 267.8853 000.2895 00.37589192004940
1 27540U 02048A   18160.22399851 +.00000803 +00000-0 +00000-0 0  9998
2 27540 048.8196 169.1493 8520466 267.9546 000.0885 00.37589548004968
1 27540U 02048A   18160.22464209 +.00000803 +00000-0 +00000-0 0  9998
2 27540 048.8196 169.1493 8520467 267.9545 000.1757 00.37589586004969
1 27540U 02048A   18160.22519659 +.00000803 +00000-0 +00000-0 0  9998
2 27540 048.8197 169.1488 8520462 267.9554 000.2504 00.37589123004967
1 27540U 02048A   18160.22572654  .00000803  00000-0  00000+0 0  9991
2 27540  48.8197 169.1489 8520445 267.9552   0.3217  0.37589217 15640
1 27540U 02048A   18160.22592021 +.00000803 +00000-0 +00000-0 0  9992
2 27540 048.8197 169.1487 8520464 267.9555 000.3483 00.37589007004967
1 27540U 02048A   18162.88366907  .00000842  00000-0  00000+0 0  9990
2 27540  48.8180 168.9654 8523912 268.0480   0.1458  0.37590093 15657
1 27540U 02048A   18162.88433175  .00000842  00000-0  00000+0 0  9992
2 27540  48.8183 168.9673 8523865 268.0470   0.2284  0.37590009 15652
1 27540U 02048A   18162.88477968 +.00000842 +00000-0 +00000-0 0  9991
2 27540 048.8181 168.9653 8523964 268.0475 000.2887 00.37589480004976
1 27540U 02048A   18165.54300581 +.00000836 +00000-0 +00000-0 0  9996
2 27540 048.8173 168.7445 8525956 268.1665 000.1185 00.37596984004987
1 27540U 02048A   18165.54308303  .00000836  00000-0  00000+0 0  9995
2 27540  48.8173 168.7450 8525964 268.1663   0.1268  0.37596312 15664
1 27540U 02048A   18165.54315859 +.00000836 +00000-0 +00000-0 0  9990
2 27540 048.8173 168.7455 8525978 268.1657 000.1388 00.37596580004980
1 27540U 02048A   18165.54354992 +.00000836 +00000-0 +00000-0 0  9991
2 27540 048.8174 168.7450 8525976 268.1661 000.1919 00.37596626004980
1 27540U 02048A   18165.54596336 +.00000836 +00000-0 +00000-0 0  9991
2 27540 048.8173 168.7450 8525982 268.1660 000.5183 00.37596322004974
1 27540U 02048A   18168.20194896 +.00000721 +00000-0 +00000-0 0  9995
2 27540 048.8166 168.5026 8525343 268.2872 000.0701 00.37602257004998
1 27540U 02048A   18168.20352121  .00000721  00000-0  00000+0 0  9991
2 27540  48.8164 168.5018 8525415 268.2880   0.2825  0.37601908 15674
1 27540U 02048A   18170.86017502 +.00000593 +00000-0 +00000-0 0  9995
2 27540 048.8127 168.3105 8524010 268.3563 000.0230 00.37600856005002
1 27540U 02048A   18170.86415490 +.00000592 +00000-0 +00000-0 0  9992
2 27540 048.8134 168.3111 8523914 268.3562 000.5626 00.37600721015688
1 27540U 02048A   18173.51877081 +.00000586 +00000-0 +00000-0 0  9998
2 27540 048.8062 168.1721 8524209 268.3838 000.0682 00.37600196005016
1 27540U 02048A   18173.51877181  .00000586  00000-0  00000+0 0  9998
2 27540  48.8061 168.1719 8524223 268.3838   0.0682  0.37600155 15698
1 27540U 02048A   18173.52043301 +.00000586 +00000-0 +00000-0 0  9999
2 27540 048.8062 168.1719 8524216 268.3837 000.2933 00.37600135005014
1 27540U 02048A   18173.52055708 +.00000586 +00000-0 +00000-0 0  9993
2 27540 048.8061 168.1717 8524222 268.3838 000.3102 00.37600143005006
1 27540U 02048A   18173.52057697  .00000586  00000-0  00000+0 0  9991
2 27540  48.8062 168.1696 8524189 268.3850   0.3099  0.37600081 15691
1 27540U 02048A   18176.17690994 +.00000670 +00000-0 +00000-0 0  9993
2 27540 048.8022 168.0396 8525810 268.4111 000.0874 00.37602582005028
1 27540U 02048A   18176.17808325 +.00000670 +00000-0 +00000-0 0  9992
2 27540 048.8022 168.0392 8525813 268.4114 000.2462 00.37602566005027
1 27540U 02048A   18176.17957178  .00000670  00000-0  00000+0 0  9992
2 27540  48.8023 168.0393 8525815 268.4113   0.4478  0.37602534 15700
1 27540U 02048A   18178.83598629 +.00000750 +00000-0 +00000-0 0  9999
2 27540 048.8055 167.9237 8527844 268.4318 000.2180 00.37600202005034
1 27540U 02048A   18178.83714402 +.00000750 +00000-0 +00000-0 0  9998
2 27540 048.8055 167.9235 8527844 268.4319 000.3748 00.37600210005033
1 27540U 02048A   18178.83733065  .00000750  00000-0  00000+0 0  9993
2 27540  48.8055 167.9234 8527831 268.4321   0.3993  0.37600158 15710
1 27540U 02048A   18181.49392320 +.00000808 +00000-0 +00000-0 0  9999
2 27540 048.8082 167.8223 8531006 268.4445 000.1768 00.37595892005044
1 27540U 02048A   18181.49534168 +.00000808 +00000-0 +00000-0 0  9997
2 27540 048.8083 167.8223 8531009 268.4444 000.3689 00.37595800005040
1 27540U 02048A   18181.49584758  .00000808  00000-0  00000+0 0  9996
2 27540  48.8082 167.8221 8530999 268.4446   0.4374  0.37595919 15725
1 27540U 02048A   18181.49649736 +.00000809 +00000-0 +00000-0 0  9996
2 27540 048.8082 167.8221 8531001 268.4446 000.5254 00.37595894005033
1 27540U 02048A   18184.15218994 +.00000856 +00000-0 +00000-0 0  9992
2 27540 048.8063 167.7019 8535370 268.4774 000.1434 00.37593603005057
1 27540U 02048A   18184.15218994  .00000856  00000-0  00000+0 0  9991
2 27540  48.8063 167.7019 8535370 268.4774   0.1434  0.37593603 15733
1 27540U 02048A   18184.15247396 +.00000856 +00000-0 +00000-0 0  9990
2 27540 048.8063 167.7014 8535367 268.4778 000.1798 00.37593508005059
1 27540U 02048A   18184.15247396  .00000856  00000-0  00000+0 0  9999
2 27540  48.8063 167.7014 8535367 268.4778   0.1798  0.37593508 15735
1 27540U 02048A   18184.15333784 +.00000856 +00000-0 +00000-0 0  9997
2 27540 048.8065 167.7012 8535391 268.4780 000.2950 00.37592895005058
1 27540U 02048A   18184.15400068  .00000856  00000-0  00000+0 0  9996
2 27540  48.8067 167.7016 8535355 268.4775   0.3920  0.37593263 15732
1 27540U 02048A   18186.81110038 +.00000894 +00000-0 +00000-0 0  9999
2 27540 048.8041 167.5466 8539496 268.5432 000.1713 00.37592646005069
1 27540U 02048A   18186.81160351 +.00000894 +00000-0 +00000-0 0  9992
2 27540 048.8041 167.5465 8539494 268.5433 000.2394 00.37592985005069
1 27540U 02048A   18186.81313582 +.00000894 +00000-0 +00000-0 0  9998
2 27540 048.8041 167.5465 8539500 268.5433 000.4469 00.37592502005067
1 27540U 02048A   18186.81332001  .00000894  00000-0  00000+0 0  9994
2 27540  48.8041 167.5462 8539494 268.5435   0.4717  0.37592722 15744
1 27540U 02048A   18189.47056548  .00000942  00000-0  00000+0 0  9992
2 27540  48.8039 167.3761 8542878 268.6259   0.2336  0.37592448 15757
1 27540U 02048A   18189.47107591 +.00000942 +00000-0 +00000-0 0  9998
2 27540 048.8040 167.3772 8542909 268.6247 000.3026 00.37592732005070
1 27540U 02048A   18189.47144615 +.00000942 +00000-0 +00000-0 0  9996
2 27540 048.8040 167.3760 8542887 268.6257 000.3520 00.37592690005064
1 27540U 02048A   18192.12961193 +.00000965 +00000-0 +00000-0 0  9995
2 27540 048.8040 167.1750 8545700 268.7322 000.1935 00.37597155005083
1 27540U 02048A   18192.12973972  .00000965  00000-0  00000+0 0  9992
2 27540  48.8043 167.1761 8545704 268.7314   0.2114  0.37597565 15764
1 27540U 02048A   18192.12982458  .00000965  00000-0  00000+0 0  9991
2 27540  48.8040 167.1750 8545700 268.7325   0.2225  0.37596710 15761
1 27540U 02048A   18192.12985754 +.00000965 +00000-0 +00000-0 0  9994
2 27540 048.8039 167.1749 8545701 268.7324 000.2268 00.37597013005085
1 27540U 02048A   18192.13015166 +.00000965 +00000-0 +00000-0 0  9996
2 27540 048.8040 167.1749 8545698 268.7325 000.2667 00.37596748005080
1 27540U 02048A   18194.78869142 +.00000880 +00000-0 +00000-0 0  9996
2 27540 048.8047 166.9251 8545925 268.8633 000.1613 00.37604112005094
1 27540U 02048A   18194.78869142  .00000880  00000-0  00000+0 0  9995
2 27540  48.8047 166.9251 8545925 268.8633   0.1613  0.37604112 15770
1 27540U 02048A   18194.78971892  .00000880  00000-0  00000+0 0  9991
2 27540  48.8047 166.9272 8545981 268.8616   0.3043  0.37604235 15771
1 27540U 02048A   18197.44924768  .00000737  00000-0  00000+0 0  9998
2 27540  48.8031 166.7097 8544143 268.9497   0.4195  0.37603413 15781
1 27540U 02048A   18197.45663106  .00000738  00000-0  00000+0 0  9996
2 27540  48.8046 166.7090 8545388 268.9166   0.5516  0.37514807 15781
1 27540U 02048A   18200.11677897  .00000693  00000-0  00000+0 0  9996
2 27540  48.8201 166.5318 8545568 268.9733   0.0502  0.37517071 15792
1 27540U 02048A   18208.10852247 +.00000894 +00000-0 +00000-0 0  9991
2 27540 048.7910 166.2058 8551609 269.0116 000.2753 00.37518873015821
1 27540U 02048A   18208.10852247 +.00000894 +00000-0 +00000-0 0  9991
2 27540 048.7910 166.2058 8551609 269.0116 000.2753 00.37518873015810
1 27540U 02048A   18237.33517668  .00000938  00000-0  00000+0 0  9991
2 27540  48.7913 164.4068 8574752 269.7193   0.5157  0.37586571 15923
1 27540U 02048A   18239.99038911  .00000969  00000-0  00000+0 0  9998
2 27540  48.7855 164.2576 8581095 269.7804   0.0475  0.37598985 15938
1 27540U 02048A   18239.99108133  .00000969  00000-0  00000+0 0  9992
2 27540  48.7855 164.2573 8581085 269.7801   0.1481  0.37599658 15937
1 27540U 02048A   18242.65107645  .00001006  00000-0  00000+0 0  9999
2 27540  48.7862 164.0821 8583526 269.8713   0.0772  0.37581769 15941
1 27540U 02048A   18242.65229057  .00001006  00000-0  00000+0 0  9991
2 27540  48.7861 164.0805 8583412 269.8720   0.2492  0.37581944 15940
1 27540U 02048A   18245.31099050  .00001048  00000-0  00000+0 0  9991
2 27540  48.7883 163.9039 8586176 269.9610   0.0840  0.37582903 15941
1 27540U 02048A   18245.31149711 +.00001048 +00000-0 +00000-0 0  9992
2 27540 048.7883 163.9038 8586180 269.9614 000.1497 00.37582828015944
1 27540U 02048A   18245.31214835  .00001048  00000-0  00000+0 0  9991
2 27540  48.7868 163.8953 8586206 269.9689   0.2371  0.37582430 15944
1 27540U 02048A   18247.97146936  .00001017  00000-0  00000+0 0  9997
2 27540  48.7883 163.6810 8588362 270.0853   0.1196  0.37588229 15948
1 27540U 02048A   18247.97246512  .00001017  00000-0  00000+0 0  9998
2 27540  48.7893 163.6873 8588384 270.0796   0.2557  0.37588753 15953
1 27540U 02048A   18250.63052108 +.00000867 +00000-0 +00000-0 0  9994
2 27540 048.7927 163.4223 8587657 270.2147 000.0012 00.37594120015973
1 27540U 02048A   18250.63052108  .00000867  00000-0  00000+0 0  9993
2 27540  48.7927 163.4223 8587657 270.2147   0.0012  0.37594120 15951
1 27540U 02048A   18250.63224918  .00000867  00000-0  00000+0 0  9993
2 27540  48.7932 163.4256 8587579 270.2118   0.2365  0.37594308 15966
1 27540U 02048A   18253.28916400  .00000728  00000-0  00000+0 0  9997
2 27540  48.7914 163.2235 8585794 270.2806 359.9342  0.37590921 15968
1 27540U 02048A   18253.28916399 +.00000728 +00000-0 +00000-0 0  9995
2 27540 048.7914 163.2233 8585796 270.2808 359.9342 00.37590928015989
1 27540U 02048A   18253.29218551  .00000727  00000-0  00000+0 0  9999
2 27540  48.7920 163.2269 8585679 270.2788   0.3447  0.37590711 15974
1 27540U 02048A   18255.94785880  .00000720  00000-0  00000+0 0  9990
2 27540  48.7841 163.0740 8587045 270.3135 359.9241  0.37590899 15976
1 27540U 02048A   18258.60725827 +.00000779 +00000-0 +00000-0 0  9996
2 27540 048.7840 162.9277 8589063 270.3535 359.9903 00.37590835016004
1 27540U 02048A   18258.60756790 +.00000779 +00000-0 +00000-0 0  9999
2 27540 048.7840 162.9275 8589022 270.3536 000.0310 00.37590842016002
1 27540U 02048A   18258.60864784  .00000779  00000-0  00000+0 0  9991
2 27540  48.7843 162.9290 8588918 270.3524   0.1770  0.37590758 15996
1 27540U 02048A   18261.26636771 +.00000813 +00000-0 +00000-0 0  9990
2 27540 048.7894 162.8093 8591331 270.3772 000.0140 00.37586916016015
1 27540U 02048A   18261.26793179  .00000813  00000-0  00000+0 0  9995
2 27540  48.7893 162.8090 8591340 270.3774   0.2261  0.37586948 15990
1 27540U 02048A   18261.26815283  .00000813  00000-0  00000+0 0  9996
2 27540  48.7892 162.8088 8591420 270.3774   0.2633  0.37587029 16002
1 27540U 02048A   18261.26903464  .00000813  00000-0  00000+0 0  9995
2 27540  48.7893 162.8094 8591067 270.3765   0.3730  0.37586858 16005
1 27540U 02048A   18261.26903464  .00000813  00000-0  00000+0 0  9995
2 27540  48.7893 162.8094 8591067 270.3765   0.3730  0.37586858 16005
1 27540U 02048A   18263.92529826 +.00000833 +00000-0 +00000-0 0  9999
2 27540 048.7920 162.6937 8595131 270.4031 359.9876 00.37582708016029
1 27540U 02048A   18263.92626963 +.00000833 +00000-0 +00000-0 0  9999
2 27540 048.7920 162.6936 8595135 270.4031 000.1190 00.37582663016026
1 27540U 02048A   18263.92683269 +.00000833 +00000-0 +00000-0 0  9991
2 27540 048.7920 162.6936 8595127 270.4030 000.1952 00.37582659016016
1 27540U 02048A   18263.92827971  .00000833  00000-0  00000+0 0  9990
2 27540  48.7922 162.6949 8595074 270.4016   0.3923  0.37582704 16018
1 27540U 02048A   18266.58508528 +.00000857 +00000-0 +00000-0 0  9996
2 27540 048.7916 162.5440 8599770 270.4610 000.0491 00.37580280016017
1 27540U 02048A   18269.24440692 +.00000889 +00000-0 +00000-0 0  9994
2 27540 048.7930 162.3607 8603728 270.5511 000.0065 00.37580329016028
1 27540U 02048A   18269.24593303 +.00000889 +00000-0 +00000-0 0  9992
2 27540 048.7930 162.3607 8603713 270.5511 000.2137 00.37580403016049
1 27540U 02048A   18269.24646466 +.00000889 +00000-0 +00000-0 0  9991
2 27540 048.7936 162.3645 8603720 270.5474 000.2863 00.37580804016033
1 27540U 02048A   18271.90446857  .00000933  00000-0  00000+0 0  9998
2 27540  48.7964 162.1704 8606466 270.6506   0.0268  0.37581300 16034
1 27540U 02048A   18271.90481155 +.00000933 +00000-0 +00000-0 0  9999
2 27540 048.7965 162.1703 8606499 270.6505 000.0735 00.37581582016052
1 27540U 02048A   18271.90525898  .00000933  00000-0  00000+0 0  9991
2 27540  48.7965 162.1703 8606491 270.6506   0.1360  0.37581684 16031
1 27540U 02048A   18274.56496181 +.00000930 +00000-0 +00000-0 0  9996
2 27540 048.7980 161.9615 8608537 270.7649 000.0414 00.37583778016067
1 27540U 02048A   18274.56516400  .00000930  00000-0  00000+0 0  9992
2 27540  48.7983 161.9619 8608526 270.7647   0.0690  0.37583881 16049
1 27540U 02048A   18274.56635262  .00000930  00000-0  00000+0 0  9990
2 27540  48.7983 161.9605 8608759 270.7647   0.1849  0.37578974 16046
1 27540U 02048A   18277.22475288 +.00000802 +00000-0 +00000-0 0  9995
2 27540 048.8044 161.7146 8608631 270.8944 359.9858 00.37590880016071
1 27540U 02048A   18277.22613830  .00000802  00000-0  00000+0 0  9991
2 27540  48.8044 161.7145 8608633 270.8944   0.1733  0.37590843 16067
1 27540U 02048A   18279.88684372  .00000636  00000-0  00000+0 0  9999
2 27540  48.8088 161.4884 8606437 270.9897   0.3182  0.37590156 16078
1 27540U 02048A   18282.54470322  .00000588  00000-0  00000+0 0  9990
2 27540  48.8031 161.3364 8606576 271.0236   0.1714  0.37587780 16080
1 27540U 02048A   18282.54509058 +.00000588 +00000-0 +00000-0 0  9990
2 27540 048.8031 161.3360 8606583 271.0237 000.2224 00.37587733016080
1 27540U 02048A   18282.55299481  .00000589  00000-0  00000+0 0  9997
2 27540  48.8022 161.3352 8606838 270.9969   0.7118  0.37528858 16084
1 27540U 02048A   18357.00720852  .00000963  00000-0  00000+0 0  9997
2 27540  48.9423 156.3680 8666530 273.1186   0.3433  0.37597067 16353
1 27540U 02048A   18359.66582045 +.00000847 +00000-0 +00000-0 0  9993
2 27540 048.9585 156.1192 8665584 273.2416 000.2980 00.37595961016383
1 27540U 02048A   18359.66582045  .00000847  00000-0  00000+0 0  9992
2 27540  48.9585 156.1192 8665584 273.2416   0.2980  0.37595961 16361
1 27540U 02048A   18364.98207643  .00000723  00000-0  00000+0 0  9994
2 27540  48.9603 155.7407 8665151 273.3718   0.3483  0.37603014 16382
1 27540U 02048A   18364.98365843 +.00000723 +00000-0 +00000-0 0  9992
2 27540 048.9603 155.7406 8665153 273.3717 000.5621 00.37602948016406
